latitude=22.579373479817473
longitude=88.47197189579363
