latitude=22.566842533346723
longitude=88.45955783746672
